17,2,33,86,38,41,4,34,91,61,11,81,3,59,29,71,26,44,54,89,46,9,85,62,23,76,45,24,78,14,58,48,57,40,21,49,7,99,8,56,50,19,53,55,10,94,75,68,6,83,84,88,52,80,73,74,79,36,70,28,37,0,42,98,96,92,27,90,47,20,5,77,69,93,31,30,95,25,63,65,51,72,60,16,12,64,18,13,1,35,15,66,67,43,22,87,97,32,39,82

10 27 53 91 86
15 94 47 38 61
32 68  8 88  9
35 84  3  7 87
62 78 90 66 64

30 51 26 16 57
66 88 47 75 23
61 77 64  9 73
44 32 28 80 81
 3 99 67 49 78

68 92 82 74 83
12 99 80 72  3
56 96 36 28 43
 2  7 14 24  9
63 76 40 37 73